3
0 0
1 0
2 0
3 0
4 0
5 0
6 0
7 0
8 0
9 0
10 735
11 0
12 0
13 0
14 0
15 0
16 0
17 0
18 0
19 0
20 0
21 0
22 0
23 0
24 0
25 0
26 0
27 0
28 0
29 0
30 0
31 0
32 7878
33 15
34 160
35 52
36 0
37 26
38 25
39 20
40 361
41 361
42 60
43 139
44 181
45 82
46 71
47 203
48 131
49 112
50 11
51 7
52 3
53 6
54 8
55 3
56 7
57 1
58 24
59 351
60 98
61 256
62 55
63 5
64 0
65 82
66 0
67 33
68 9
69 55
70 3
71 12
72 10
73 39
74 0
75 1
76 23
77 10
78 46
79 9
80 31
81 0
82 69
83 7
84 55
85 10
86 1
87 6
88 5
89 1
90 0
91 147
92 53
93 147
94 0
95 291
96 0
97 614
98 54
99 493
100 234
101 849
102 372
103 153
104 167
105 1009
106 78
107 45
108 529
109 172
110 636
111 509
112 449
113 14
114 843
115 398
116 759
117 209
118 111
119 27
120 29
121 35
122 44
123 113
124 1
125 113
126 0
127 0
TOTALE 21661
MAIUSCOLE 517
MINUSCOLE 8832
CONSONANTI 5964
VOCALI 3385
PUNTEGGIATURA 807
SPECIALI 11216
NUMERI 289
../src/p.c
0 0
1 0
2 0
3 0
4 0
5 0
6 0
7 0
8 0
9 0
10 210
11 0
12 0
13 0
14 0
15 0
16 0
17 0
18 0
19 0
20 0
21 0
22 0
23 0
24 0
25 0
26 0
27 0
28 0
29 0
30 0
31 0
32 2610
33 5
34 48
35 17
36 0
37 7
38 10
39 8
40 106
41 106
42 14
43 43
44 55
45 32
46 21
47 60
48 41
49 35
50 2
51 1
52 1
53 4
54 7
55 1
56 0
57 0
58 7
59 106
60 33
61 70
62 18
63 0
64 0
65 23
66 0
67 9
68 4
69 17
70 1
71 3
72 2
73 11
74 0
75 0
76 7
77 1
78 14
79 0
80 10
81 0
82 23
83 0
84 16
85 2
86 0
87 2
88 0
89 0
90 0
91 50
92 15
93 50
94 0
95 89
96 0
97 178
98 22
99 140
100 72
101 248
102 112
103 48
104 51
105 287
106 12
107 23
108 147
109 62
110 177
111 148
112 154
113 3
114 242
115 114
116 205
117 68
118 31
119 8
120 8
121 9
122 10
123 36
124 0
125 36
126 0
127 0
TOTALE 6678
MAIUSCOLE 145
MINUSCOLE 2579
CONSONANTI 1742
VOCALI 982
PUNTEGGIATURA 242
SPECIALI 3620
NUMERI 92
../src/q.c
0 0
1 0
2 0
3 0
4 0
5 0
6 0
7 0
8 0
9 0
10 173
11 0
12 0
13 0
14 0
15 0
16 0
17 0
18 0
19 0
20 0
21 0
22 0
23 0
24 0
25 0
26 0
27 0
28 0
29 0
30 0
31 0
32 1171
33 0
34 34
35 17
36 0
37 3
38 1
39 1
40 79
41 79
42 7
43 11
44 35
45 22
46 22
47 60
48 28
49 35
50 3
51 0
52 1
53 0
54 0
55 0
56 1
57 1
58 8
59 62
60 20
61 54
62 18
63 3
64 0
65 15
66 0
67 8
68 0
69 14
70 1
71 4
72 4
73 7
74 0
75 1
76 5
77 1
78 12
79 0
80 8
81 0
82 10
83 2
84 7
85 0
86 0
87 0
88 0
89 0
90 0
91 17
92 15
93 17
94 0
95 48
96 0
97 118
98 15
99 100
100 47
101 169
102 87
103 34
104 31
105 223
106 1
107 5
108 110
109 44
110 163
111 116
112 69
113 8
114 194
115 67
116 172
117 66
118 20
119 4
120 12
121 9
122 6
123 21
124 0
125 21
126 0
127 0
TOTALE 4077
MAIUSCOLE 99
MINUSCOLE 1890
CONSONANTI 1261
VOCALI 728
PUNTEGGIATURA 164
SPECIALI 1855
NUMERI 69
../src/c.c
0 0
1 0
2 0
3 0
4 0
5 0
6 0
7 0
8 0
9 0
10 352
11 0
12 0
13 0
14 0
15 0
16 0
17 0
18 0
19 0
20 0
21 0
22 0
23 0
24 0
25 0
26 0
27 0
28 0
29 0
30 0
31 0
32 4097
33 10
34 78
35 18
36 0
37 16
38 14
39 11
40 176
41 176
42 39
43 85
44 91
45 28
46 28
47 83
48 62
49 42
50 6
51 6
52 1
53 2
54 1
55 2
56 6
57 0
58 9
59 183
60 45
61 132
62 19
63 2
64 0
65 44
66 0
67 16
68 5
69 24
70 1
71 5
72 4
73 21
74 0
75 0
76 11
77 8
78 20
79 9
80 13
81 0
82 36
83 5
84 32
85 8
86 1
87 4
88 5
89 1
90 0
91 80
92 23
93 80
94 0
95 154
96 0
97 318
98 17
99 253
100 115
101 432
102 173
103 71
104 85
105 499
106 65
107 17
108 272
109 66
110 296
111 245
112 226
113 3
114 407
115 217
116 382
117 75
118 60
119 15
120 9
121 17
122 28
123 56
124 1
125 56
126 0
127 0
TOTALE 10906
MAIUSCOLE 273
MINUSCOLE 4363
CONSONANTI 2961
VOCALI 1675
PUNTEGGIATURA 401
SPECIALI 5741
NUMERI 128
